832 768 960 896 Sheds GC01PS03D0123.tif 0.7277
832 832 960 960 Sheds GC01PS03D0123.tif 0.7243
1536 448 1664 576 Sheds GC01PS03D0123.tif 0.7499
1600 448 1728 576 Sheds GC01PS03D0123.tif 0.7108
1024 512 1152 640 Sheds GC01PS03D0123.tif 0.7055
1536 512 1664 640 Sheds GC01PS03D0123.tif 0.8001
1600 512 1728 640 Sheds GC01PS03D0123.tif 0.7918
1664 512 1792 640 Sheds GC01PS03D0123.tif 0.7056
1536 576 1664 704 Sheds GC01PS03D0123.tif 0.8406
1600 576 1728 704 Sheds GC01PS03D0123.tif 0.8282
1664 576 1792 704 Sheds GC01PS03D0123.tif 0.7506
1536 640 1664 768 Sheds GC01PS03D0123.tif 0.8079
1600 640 1728 768 Sheds GC01PS03D0123.tif 0.8035
1664 640 1792 768 Sheds GC01PS03D0123.tif 0.7325
1600 704 1728 832 Sheds GC01PS03D0123.tif 0.7275
1024 832 1152 960 Sheds GC01PS03D0123.tif 0.7627
2176 576 2304 704 Sheds GC01PS03D0123.tif 0.7095
2112 640 2240 768 Sheds GC01PS03D0123.tif 0.7775
2176 640 2304 768 Sheds GC01PS03D0123.tif 0.8690
2176 704 2304 832 Sheds GC01PS03D0123.tif 0.7726
1728 1024 1856 1152 Sheds GC01PS03D0123.tif 0.8856
1792 1024 1920 1152 Sheds GC01PS03D0123.tif 0.8680
1856 1024 1984 1152 Sheds GC01PS03D0123.tif 0.7918
1728 1088 1856 1216 Sheds GC01PS03D0123.tif 0.7427
1792 1088 1920 1216 Sheds GC01PS03D0123.tif 0.8782
1856 1088 1984 1216 Sheds GC01PS03D0123.tif 0.8094
1792 1152 1920 1280 Sheds GC01PS03D0123.tif 0.8288
1856 1152 1984 1280 Sheds GC01PS03D0123.tif 0.8674
